#	measured	spectral	responses	for	each	band	of	the	Sentinel-2A	MultiSpectral	Instrument	(MSI)
#	downloaded	as	file	Sentinel-2A MSI Spectral Responses.xlsx	from	ESA	homepage	on	6	Oct	2015	
759	0											
760	0.000672587											
761	0.003888561											
762	0											
763	0											
764	0											
765	0											
766	0											
767	0											
768	0											
769	0											
770	0											
771	0											
772	0											
773	0.000289559											
774	0.00702964											
775	0.017523915											
776	0.032311111											
777	0.05328661											
778	0.082998852											
779	0.127485024											
780	0.195910652											
781	0.302463232											
782	0.435539537											
783	0.571416366											
784	0.697667008											
785	0.803038519											
786	0.891157437											
787	0.952845837											
788	0.988941605											
789	1											
790	0.988406528											
791	0.963892161											
792	0.942079674											
793	0.936946427											
794	0.942273429											
795	0.953957178											
796	0.968288956											
797	0.979665494											
798	0.985444404											
799	0.985926806											
800	0.983911811											
801	0.97793903											
802	0.977227714											
803	0.978106086											
804	0.981444864											
805	0.987645575											
806	0.988577078											
807	0.986242198											
808	0.980709208											
809	0.970786244											
810	0.957210894											
811	0.938658206											
812	0.91672388											
813	0.896207585											
814	0.872887998											
815	0.851603307											
816	0.824639396											
817	0.800781174											
818	0.782338598											
819	0.763602744											
820	0.749627707											
821	0.738722099											
822	0.730794069											
823	0.722712368											
824	0.725077084											
825	0.725638556											
826	0.723042174											
827	0.722292106											
828	0.716163645											
829	0.711594459											
830	0.708269542											
831	0.701572051											
832	0.699245321											
833	0.700937618											
834	0.706927327											
835	0.718240007											
836	0.731246343											
837	0.748406102											
838	0.76818541											
839	0.783948066											
840	0.7968381											
841	0.802602063											
842	0.804519396											
843	0.802409182											
844	0.796990717											
845	0.789203043											
846	0.776916211											
847	0.765184064											
848	0.751197174											
849	0.737003566											
850	0.722623995											
851	0.704125782											
852	0.684108046											
853	0.664745277											
854	0.647368908											
855	0.630051247											
856	0.615642224											
857	0.602495567											
858	0.589889921											
859	0.579933995											
860	0.571365058											
861	0.560942415											
862	0.552351052											
863	0.54568236											
864	0.539580517											
865	0.535102151											
866	0.530936751											
867	0.530165085											
868	0.52984662											
869	0.530366818											
870	0.532114628											
871	0.53271918											
872	0.532468057											
873	0.53331158											
874	0.531927797											
875	0.530510552											
876	0.52951499											
877	0.52996848											
878	0.532533725											
879	0.537050849											
880	0.542353442											
881	0.549124971											
882	0.555230551											
883	0.560111348											
884	0.557679988											
885	0.548219844											
886	0.531446128											
887	0.507635285											
888	0.478112241											
889	0.450927929											
890	0.427984659											
891	0.41051405											
892	0.400391391											
893	0.400873018											
894	0.40829375											
895	0.420865558											
896	0.430070218											
897	0.424566916											
898	0.391368172											
899	0.330090082											
900	0.257205092											
901	0.181890305											
902	0.116506681											
903	0.070315795											
904	0.042753811											
905	0.025931542											
906	0.015743939											
907	0.003943258											
908	0											
909	0											
