#	measured	spectral	responses	for	each	band	of	the	Sentinel-2A	MultiSpectral	Instrument	(MSI)
#	downloaded	as	file	Sentinel-2A MSI Spectral Responses.xlsx	from	ESA	homepage	on	6	Oct	2015	
536	0											
537	0											
538	0.014481812											
539	0.034222507											
540	0.073463348											
541	0.154448431											
542	0.316614247											
543	0.553222787											
544	0.748594059											
545	0.848903056											
546	0.897722157											
547	0.921536798											
548	0.925728454											
549	0.911226879											
550	0.888189237											
551	0.865237556											
552	0.84718187											
553	0.838757201											
554	0.844590812											
555	0.862196533											
556	0.888387136											
557	0.924432355											
558	0.96017974											
559	0.986855165											
560	1											
561	0.998600802											
562	0.980764717											
563	0.945220892											
564	0.898177804											
565	0.855803233											
566	0.818417342											
567	0.788620476											
568	0.764606533											
569	0.749637446											
570	0.75055111											
571	0.761378883											
572	0.782444788											
573	0.798900864											
574	0.810169565											
575	0.814088864											
576	0.773585961											
577	0.628810649											
578	0.403975549											
579	0.215420982											
580	0.107152815											
581	0.047928768											
582	0.01848693											
583	0.001085875											
