#	measured	spectral	responses	for	each	band	of	the	Sentinel-2A	MultiSpectral	Instrument	(MSI)
#	downloaded	as	file	Sentinel-2A MSI Spectral Responses.xlsx	from	ESA	homepage	on	6	Oct	2015	
847	0.001572174											
848	0.002498858											
849	0.013320367											
850	0.026148658											
851	0.052604793											
852	0.107797093											
853	0.221607547											
854	0.39721628											
855	0.609868852											
856	0.816588834											
857	0.932244502											
858	0.972100329											
859	0.975454822											
860	0.975380485											
861	0.97328205											
862	0.976078281											
863	0.980349546											
864	0.986909276											
865	0.990874648											
866	0.997418177											
867	0.999846733											
868	0.999391415											
869	0.995879284											
870	0.995412276											
871	1											
872	0.996407621											
873	0.923594329											
874	0.741376842											
875	0.489659709											
876	0.25020643											
877	0.112212459											
878	0.047559844											
879	0.022978146											
880	0.010614375											
881	0.001081494											
882	0											
