# nm 	 srf
536	0.0
537	0.0
538	0.014482
539	0.034223
540	0.073463
541	0.154448
542	0.316614
543	0.553223
544	0.748594
545	0.848903
546	0.897722
547	0.921537
548	0.925728
549	0.911227
550	0.888189
551	0.865238
552	0.847182
553	0.838757
554	0.844591
555	0.862197
556	0.888387
557	0.924432
558	0.96018
559	0.986855
560	1.0
561	0.998601
562	0.980765
563	0.945221
564	0.898178
565	0.855803
566	0.818417
567	0.78862
568	0.764607
569	0.749637
570	0.750551
571	0.761379
572	0.782445
573	0.798901
574	0.81017
575	0.814089
576	0.773586
577	0.628811
578	0.403976
579	0.215421
580	0.107153
581	0.047929
582	0.018487
583	0.001086
