# nm 	 srf
759	0.0
760	0.000673
761	0.003889
762	0.0
763	0.0
764	0.0
765	-0.0
766	-0.0
767	-0.0
768	0.0
769	0.0
770	0.0
771	0.0
772	0.0
773	0.00029
774	0.00703
775	0.017524
776	0.032311
777	0.053287
778	0.082999
779	0.127485
780	0.195911
781	0.302463
782	0.43554
783	0.571416
784	0.697667
785	0.803039
786	0.891157
787	0.952846
788	0.988942
789	1.0
790	0.988407
791	0.963892
792	0.94208
793	0.936946
794	0.942273
795	0.953957
796	0.968289
797	0.979665
798	0.985444
799	0.985927
800	0.983912
801	0.977939
802	0.977228
803	0.978106
804	0.981445
805	0.987646
806	0.988577
807	0.986242
808	0.980709
809	0.970786
810	0.957211
811	0.938658
812	0.916724
813	0.896208
814	0.872888
815	0.851603
816	0.824639
817	0.800781
818	0.782339
819	0.763603
820	0.749628
821	0.738722
822	0.730794
823	0.722712
824	0.725077
825	0.725639
826	0.723042
827	0.722292
828	0.716164
829	0.711594
830	0.70827
831	0.701572
832	0.699245
833	0.700938
834	0.706927
835	0.71824
836	0.731246
837	0.748406
838	0.768185
839	0.783948
840	0.796838
841	0.802602
842	0.804519
843	0.802409
844	0.796991
845	0.789203
846	0.776916
847	0.765184
848	0.751197
849	0.737004
850	0.722624
851	0.704126
852	0.684108
853	0.664745
854	0.647369
855	0.630051
856	0.615642
857	0.602496
858	0.58989
859	0.579934
860	0.571365
861	0.560942
862	0.552351
863	0.545682
864	0.539581
865	0.535102
866	0.530937
867	0.530165
868	0.529847
869	0.530367
870	0.532115
871	0.532719
872	0.532468
873	0.533312
874	0.531928
875	0.530511
876	0.529515
877	0.529968
878	0.532534
879	0.537051
880	0.542353
881	0.549125
882	0.555231
883	0.560111
884	0.55768
885	0.54822
886	0.531446
887	0.507635
888	0.478112
889	0.450928
890	0.427985
891	0.410514
892	0.400391
893	0.400873
894	0.408294
895	0.420866
896	0.43007
897	0.424567
898	0.391368
899	0.33009
900	0.257205
901	0.18189
902	0.116507
903	0.070316
904	0.042754
905	0.025932
906	0.015744
907	0.003943
908	0.0
909	0.0
