#	measured	spectral	responses	for	each	band	of	the	Sentinel-2A	MultiSpectral	Instrument	(MSI)
#	downloaded	as	file	Sentinel-2A MSI Spectral Responses.xlsx	from	ESA	homepage	on	6	Oct	2015	
1538	0											
1539	6.93E-06											
1540	6.80E-06											
1541	8.22E-06											
1542	2.81E-05											
1543	3.78E-05											
1544	9.07E-05											
1545	0.000147452											
1546	0.000251399											
1547	0.000480203											
1548	0.000569537											
1549	0.000662261											
1550	0.000910566											
1551	0.001166089											
1552	0.001684036											
1553	0.00245816											
1554	0.00356747											
1555	0.005345161											
1556	0.008317784											
1557	0.012628433											
1558	0.018996334											
1559	0.027780618											
1560	0.03958367											
1561	0.054865088											
1562	0.074929768											
1563	0.101069914											
1564	0.135475748											
1565	0.182597282											
1566	0.247275543											
1567	0.330736144											
1568	0.429690906											
1569	0.537634456											
1570	0.647173334											
1571	0.743528409											
1572	0.815215305											
1573	0.859201504											
1574	0.879668577											
1575	0.887029952											
1576	0.889097838											
1577	0.891416958											
1578	0.897586018											
1579	0.90663052											
1580	0.916528056											
1581	0.92657894											
1582	0.935322165											
1583	0.942393561											
1584	0.947506732											
1585	0.951415577											
1586	0.954254286											
1587	0.956429305											
1588	0.958205215											
1589	0.960687866											
1590	0.963480014											
1591	0.965796837											
1592	0.968180454											
1593	0.97101157											
1594	0.973379886											
1595	0.97591493											
1596	0.978581496											
1597	0.979877753											
1598	0.98058868											
1599	0.980912334											
1600	0.981411503											
1601	0.981243863											
1602	0.980705072											
1603	0.980376964											
1604	0.981066319											
1605	0.982735565											
1606	0.985121995											
1607	0.987806954											
1608	0.990375969											
1609	0.992015684											
1610	0.993287985											
1611	0.992536418											
1612	0.990404949											
1613	0.987128016											
1614	0.983502057											
1615	0.980022548											
1616	0.976174463											
1617	0.972568388											
1618	0.969828489											
1619	0.967709002											
1620	0.966371474											
1621	0.965848924											
1622	0.966050474											
1623	0.967426617											
1624	0.969869577											
1625	0.973463419											
1626	0.97868284											
1627	0.983472137											
1628	0.987635453											
1629	0.991875079											
1630	0.995476405											
1631	0.997586172											
1632	0.998568438											
1633	0.999327749											
1634	0.999234469											
1635	0.998803511											
1636	0.999110558											
1637	0.999729529											
1638	0.999744808											
1639	1											
1640	0.999814319											
1641	0.996693294											
1642	0.991619643											
1643	0.985701748											
1644	0.978569228											
1645	0.969902949											
1646	0.960896391											
1647	0.953286699											
1648	0.946546283											
1649	0.941712152											
1650	0.938586421											
1651	0.935489328											
1652	0.928113913											
1653	0.912102443											
1654	0.88059783											
1655	0.824980062											
1656	0.743118017											
1657	0.64189077											
1658	0.534002282											
1659	0.426963072											
1660	0.323709698											
1661	0.234284076											
1662	0.163971597											
1663	0.110210711											
1664	0.072477896											
1665	0.04619413											
1666	0.029400532											
1667	0.019358665											
1668	0.013308246											
1669	0.009316851											
1670	0.006522833											
1671	0.004864189											
1672	0.003409053											
1673	0.002490561											
1674	0.001958315											
1675	0.001422504											
1676	0.001055276											
1677	0.000497731											
1678	0.000227763											
1679	0.00015918											
1680	3.39E-05											
1681	4.49E-05											
1682	1.30E-05											
1683	0											
