# nm 	 srf
2078	0.000639
2079	0.001023
2080	0.002885
2081	0.003997
2082	0.006597
2083	0.00766
2084	0.008004
2085	0.00854
2086	0.0093
2087	0.010002
2088	0.010972
2089	0.012089
2090	0.013364
2091	0.015017
2092	0.017126
2093	0.01978
2094	0.023336
2095	0.027668
2096	0.033216
2097	0.040217
2098	0.048883
2099	0.059642
2100	0.073175
2101	0.090535
2102	0.11147
2103	0.136903
2104	0.167811
2105	0.203461
2106	0.242871
2107	0.284898
2108	0.327178
2109	0.368404
2110	0.408003
2111	0.444778
2112	0.476537
2113	0.503107
2114	0.525318
2115	0.543352
2116	0.557253
2117	0.568634
2118	0.57903
2119	0.588684
2120	0.598891
2121	0.609981
2122	0.621362
2123	0.634283
2124	0.648546
2125	0.663707
2126	0.680046
2127	0.696165
2128	0.711964
2129	0.727011
2130	0.741301
2131	0.757405
2132	0.772071
2133	0.785581
2134	0.798238
2135	0.809677
2136	0.819702
2137	0.828599
2138	0.836722
2139	0.844443
2140	0.851107
2141	0.853252
2142	0.854746
2143	0.856174
2144	0.857821
2145	0.859532
2146	0.86146
2147	0.863257
2148	0.865139
2149	0.867319
2150	0.869696
2151	0.874302
2152	0.878588
2153	0.882439
2154	0.885929
2155	0.889473
2156	0.893226
2157	0.896696
2158	0.899897
2159	0.902596
2160	0.904831
2161	0.905525
2162	0.905665
2163	0.905503
2164	0.905158
2165	0.904783
2166	0.904082
2167	0.903347
2168	0.902761
2169	0.902377
2170	0.901983
2171	0.903424
2172	0.904313
2173	0.905315
2174	0.906446
2175	0.908092
2176	0.910123
2177	0.91295
2178	0.915585
2179	0.918444
2180	0.921302
2181	0.924337
2182	0.927219
2183	0.92974
2184	0.931922
2185	0.934142
2186	0.935906
2187	0.937086
2188	0.937641
2189	0.938301
2190	0.937652
2191	0.940441
2192	0.942518
2193	0.943259
2194	0.943031
2195	0.942117
2196	0.940632
2197	0.938428
2198	0.93666
2199	0.935256
2200	0.933022
2201	0.92688
2202	0.921057
2203	0.915483
2204	0.91102
2205	0.908293
2206	0.907283
2207	0.908191
2208	0.911169
2209	0.916189
2210	0.922855
2211	0.920605
2212	0.919482
2213	0.919489
2214	0.921276
2215	0.924526
2216	0.927733
2217	0.931974
2218	0.93677
2219	0.941483
2220	0.946802
2221	0.951203
2222	0.954437
2223	0.957047
2224	0.959729
2225	0.962539
2226	0.964858
2227	0.966042
2228	0.966647
2229	0.96631
2230	0.96546
2231	0.964841
2232	0.963656
2233	0.961698
2234	0.959454
2235	0.957327
2236	0.95514
2237	0.953558
2238	0.952732
2239	0.952181
2240	0.951731
2241	0.952146
2242	0.952641
2243	0.954057
2244	0.957078
2245	0.960639
2246	0.964222
2247	0.968307
2248	0.972691
2249	0.977423
2250	0.982898
2251	0.987144
2252	0.990734
2253	0.993983
2254	0.996787
2255	0.998753
2256	1.0
2257	0.999927
2258	0.999152
2259	0.997129
2260	0.993884
2261	0.989686
2262	0.983735
2263	0.976213
2264	0.967813
2265	0.958343
2266	0.94844
2267	0.938203
2268	0.927725
2269	0.917039
2270	0.905999
2271	0.893868
2272	0.881683
2273	0.868647
2274	0.854635
2275	0.84062
2276	0.826016
2277	0.809516
2278	0.791867
2279	0.772443
2280	0.749107
2281	0.720346
2282	0.688185
2283	0.651283
2284	0.61005
2285	0.566031
2286	0.52097
2287	0.474659
2288	0.429259
2289	0.385857
2290	0.342092
2291	0.30068
2292	0.263176
2293	0.227704
2294	0.195721
2295	0.16809
2296	0.14468
2297	0.124831
2298	0.108237
2299	0.094401
2300	0.082363
2301	0.0715
2302	0.062691
2303	0.054985
2304	0.048195
2305	0.042864
2306	0.038598
2307	0.034947
2308	0.031999
2309	0.029588
2310	0.027418
2311	0.025577
2312	0.023959
2313	0.021672
2314	0.019148
2315	0.016331
2316	0.010989
2317	0.007379
2318	0.006511
2319	0.00471
2320	0.002065
