#	measured	spectral	responses	for	each	band	of	the	Sentinel-2A	MultiSpectral	Instrument	(MSI)
#	downloaded	as	file	Sentinel-2A MSI Spectral Responses.xlsx	from	ESA	homepage	on	6	Oct	2015	
768	0											
769	0.000458987											
770	0.011720097											
771	0.052197152											
772	0.165617326											
773	0.369033555											
774	0.636854532											
775	0.861196383											
776	0.970028971											
777	0.991196015											
778	0.998979212											
779	1											
780	0.97725155											
781	0.925723851											
782	0.86605804											
783	0.819696105											
784	0.794076736											
785	0.791110289											
786	0.804315523											
787	0.819027212											
788	0.825712924											
789	0.820118286											
790	0.792221951											
791	0.720545593											
792	0.587677944											
793	0.414303554											
794	0.230888169											
795	0.098502825											
796	0.027365511											
797	0.00516235											
798	0											
