# nm 	 srf
645	0.0
646	0.001415
647	0.025902
648	0.116512
649	0.390886
650	0.749593
651	0.944858
652	0.980112
653	0.994063
654	1.0
655	0.995455
656	0.990528
657	0.977335
658	0.94056
659	0.87895
660	0.816294
661	0.77346
662	0.754488
663	0.759915
664	0.782634
665	0.810169
666	0.83613
667	0.861254
668	0.886091
669	0.911388
670	0.934051
671	0.950421
672	0.959257
673	0.960396
674	0.959134
675	0.95809
676	0.955275
677	0.943765
678	0.894908
679	0.744263
680	0.476777
681	0.229604
682	0.080091
683	0.026171
684	0.004152
685	0.0
