#	measured	spectral	responses	for	each	band	of	the	Sentinel-2A	MultiSpectral	Instrument	(MSI)		
#	downloaded	as	file	Sentinel-2A	MSI	Spectral	Responses.xlsx	from	ESA	homepage	on	6	Oct	2015
2078	0.000639264													
2079	0.001022905													
2080	0.002884721													
2081	0.003997454													
2082	0.006597118													
2083	0.007659826													
2084	0.00800413													
2085	0.008539692													
2086	0.009300309													
2087	0.010001938													
2088	0.010972178													
2089	0.012089456													
2090	0.013364144													
2091	0.015017309													
2092	0.01712566													
2093	0.01978032													
2094	0.023335884													
2095	0.027667597													
2096	0.033215941													
2097	0.040217377													
2098	0.048882662													
2099	0.059642173													
2100	0.073175151													
2101	0.090534716													
2102	0.111470124													
2103	0.13690299													
2104	0.167810536													
2105	0.203460906													
2106	0.242871255													
2107	0.284898317													
2108	0.327177957													
2109	0.36840376													
2110	0.40800276													
2111	0.444778149													
2112	0.476537405													
2113	0.503106894													
2114	0.525317548													
2115	0.543351996													
2116	0.557252862													
2117	0.568634197													
2118	0.579029932													
2119	0.588683995													
2120	0.59889121													
2121	0.609981083													
2122	0.621362162													
2123	0.634282516													
2124	0.64854644													
2125	0.663707315													
2126	0.680046291													
2127	0.696164765													
2128	0.711964139													
2129	0.727011081													
2130	0.741301118													
2131	0.757405387													
2132	0.772070514													
2133	0.78558074													
2134	0.798238093													
2135	0.809677071													
2136	0.819701739													
2137	0.82859933													
2138	0.836721896													
2139	0.844443431													
2140	0.851107219													
2141	0.853252319													
2142	0.854746271													
2143	0.85617419													
2144	0.857820928													
2145	0.859531818													
2146	0.861459829													
2147	0.863256985													
2148	0.865138808													
2149	0.867319035													
2150	0.869696339													
2151	0.874301992													
2152	0.878588437													
2153	0.882438825													
2154	0.885928758													
2155	0.889473121													
2156	0.89322574													
2157	0.896696495													
2158	0.899896619													
2159	0.902596288													
2160	0.90483074													
2161	0.905524618													
2162	0.905665281													
2163	0.905502587													
2164	0.905157893													
2165	0.904782854													
2166	0.90408183													
2167	0.903347495													
2168	0.902760831													
2169	0.902377006													
2170	0.901982966													
2171	0.903423562													
2172	0.904312941													
2173	0.905315323													
2174	0.906446178													
2175	0.90809207													
2176	0.910123185													
2177	0.912949979													
2178	0.915584774													
2179	0.918444254													
2180	0.921302412													
2181	0.924337167													
2182	0.927218563													
2183	0.929740263													
2184	0.931921865													
2185	0.934142166													
2186	0.935906112													
2187	0.937086137													
2188	0.937641167													
2189	0.938301157													
2190	0.937652085													
2191	0.940440758													
2192	0.942517533													
2193	0.943259037													
2194	0.943031026													
2195	0.942117106													
2196	0.940631648													
2197	0.938427922													
2198	0.936660033													
2199	0.935256327													
2200	0.933022239													
2201	0.926879998													
2202	0.921056996													
2203	0.915482617													
2204	0.911020114													
2205	0.908292872													
2206	0.907283492													
2207	0.90819092													
2208	0.911168883													
2209	0.916188526													
2210	0.922854635													
2211	0.920605167													
2212	0.919482312													
2213	0.919489205													
2214	0.921276392													
2215	0.924526038													
2216	0.927732919													
2217	0.931974489													
2218	0.936769555													
2219	0.941482728													
2220	0.946801994													
2221	0.951202607													
2222	0.954436663													
2223	0.957046915													
2224	0.959729173													
2225	0.962538601													
2226	0.964857726													
2227	0.966042031													
2228	0.966647037													
2229	0.966309991													
2230	0.965460063													
2231	0.964841278													
2232	0.963655749													
2233	0.961698492													
2234	0.959453949													
2235	0.957327053													
2236	0.955140475													
2237	0.953558145													
2238	0.95273179													
2239	0.952180853													
2240	0.951730689													
2241	0.952145994													
2242	0.952641408													
2243	0.954056643													
2244	0.957078482													
2245	0.960638803													
2246	0.964221982													
2247	0.968307493													
2248	0.972691041													
2249	0.97742349													
2250	0.982898416													
2251	0.98714443													
2252	0.990734152													
2253	0.993982826													
2254	0.996786808													
2255	0.998752904													
2256	1													
2257	0.999927455													
2258	0.999151921													
2259	0.997129452													
2260	0.993883695													
2261	0.989685968													
2262	0.983735405													
2263	0.976212761													
2264	0.967813199													
2265	0.958342887													
2266	0.948440151													
2267	0.9382028													
2268	0.927724853													
2269	0.917038819													
2270	0.905999348													
2271	0.893868367													
2272	0.881682515													
2273	0.86864716													
2274	0.854635458													
2275	0.840619936													
2276	0.826015692													
2277	0.809516209													
2278	0.791866591													
2279	0.772443017													
2280	0.749106638													
2281	0.720345599													
2282	0.688185271													
2283	0.651282733													
2284	0.610049759													
2285	0.56603087													
2286	0.520969977													
2287	0.474659094													
2288	0.429259293													
2289	0.38585714													
2290	0.342091763													
2291	0.300680041													
2292	0.263176181													
2293	0.227703987													
2294	0.195720706													
2295	0.168090024													
2296	0.144679716													
2297	0.124830647													
2298	0.108237331													
2299	0.09440058													
2300	0.082363039													
2301	0.071500068													
2302	0.062690603													
2303	0.054985448													
2304	0.048194534													
2305	0.042864117													
2306	0.038598228													
2307	0.034947252													
2308	0.031998848													
2309	0.029587869													
2310	0.027418116													
2311	0.025576973													
2312	0.023959421													
2313	0.021671692													
2314	0.019147972													
2315	0.016331132													
2316	0.010988591													
2317	0.007378602													
2318	0.006510601													
2319	0.004709556													
2320	0.002065107													
