#	measured	spectral	responses	for	each	band	of	the	Sentinel-2A	MultiSpectral	Instrument	(MSI)
#	downloaded	as	file	Sentinel-2A MSI Spectral Responses.xlsx	from	ESA	homepage	on	6	Oct	2015	
645	0											
646	0.001415212											
647	0.025902381											
648	0.116511775											
649	0.390886162											
650	0.749593421											
651	0.944858051											
652	0.980111731											
653	0.994063086											
654	1											
655	0.995454747											
656	0.990527717											
657	0.977334762											
658	0.940559882											
659	0.878949559											
660	0.81629384											
661	0.773459516											
662	0.754487656											
663	0.75991531											
664	0.782634297											
665	0.8101689											
666	0.836129749											
667	0.861254237											
668	0.886091059											
669	0.911387666											
670	0.934051464											
671	0.950420633											
672	0.959257302											
673	0.960395551											
674	0.959133945											
675	0.958090128											
676	0.955274589											
677	0.943764654											
678	0.894907986											
679	0.744263079											
680	0.476777001											
681	0.229603988											
682	0.080091177											
683	0.026170762											
684	0.004152419											
685	0											
