#	measured	spectral	responses	for	each	band	of	the	Sentinel-2A	MultiSpectral	Instrument	(MSI)
#	downloaded	from	S2-SRF_COPE-GSEG-EOPG-TN-15-0007_3.0.xlsx
439	0.010315429											
440	0.030041933											
441	0.026875891											
442	0.02414315											
443	0.020210064											
444	0.022693489											
445	0.024564087											
446	0.016667005											
447	0.021413132											
448	0.016144221											
449	0.021307208											
450	0.018466093											
451	0.018185017											
452	0.017679055											
453	0.019114826											
454	0.019246427											
455	0.027395745											
456	0.042555308											
457	0.072298295											
458	0.153743222											
459	0.32799225											
460	0.553367878											
461	0.710111663											
462	0.752851788											
463	0.75232691											
464	0.756680807											
465	0.763269482											
466	0.76239425											
467	0.785251503											
468	0.815466688											
469	0.861791756											
470	0.892825992											
471	0.919522103											
472	0.919006495											
473	0.913157536											
474	0.900353663											
475	0.889896935											
476	0.882324603											
477	0.876061177											
478	0.884299872											
479	0.906955442											
480	0.932320853											
481	0.939472521											
482	0.943835429											
483	0.922040861											
484	0.886023105											
485	0.847436088											
486	0.812516871											
487	0.782397097											
488	0.7731087											
489	0.772090538											
490	0.787426523											
491	0.812171771											
492	0.846050519											
493	0.887679959											
494	0.927939973											
495	0.950692347											
496	0.965733107											
497	0.969382533											
498	0.965702943											
499	0.95832003											
500	0.954050638											
501	0.951782684											
502	0.956997215											
503	0.965565145											
504	0.977051397											
505	0.977095739											
506	0.974366055											
507	0.959031834											
508	0.935063176											
509	0.90190134											
510	0.871657924											
511	0.844024435											
512	0.822808519											
513	0.815360426											
514	0.820576391											
515	0.839514898											
516	0.86992171											
517	0.915262055											
518	0.960670278											
519	0.991636995											
520	1											
521	0.98356097											
522	0.91130763											
523	0.740182556											
524	0.503958576											
525	0.305015502											
526	0.180046045											
527	0.107383424											
528	0.06593592											
529	0.042077455											
530	0.026621288											
531	0.0143396											
532	0.002657787											
533	0.000818224											
534	0											
535	0											
536	0											
537	0											
538	0											
539	0											
