# nm 	 srf
439	0.010315
440	0.030042
441	0.026876
442	0.024143
443	0.02021
444	0.022693
445	0.024564
446	0.016667
447	0.021413
448	0.016144
449	0.021307
450	0.018466
451	0.018185
452	0.017679
453	0.019115
454	0.019246
455	0.027396
456	0.042555
457	0.072298
458	0.153743
459	0.327992
460	0.553368
461	0.710112
462	0.752852
463	0.752327
464	0.756681
465	0.763269
466	0.762394
467	0.785252
468	0.815467
469	0.861792
470	0.892826
471	0.919522
472	0.919006
473	0.913158
474	0.900354
475	0.889897
476	0.882325
477	0.876061
478	0.8843
479	0.906955
480	0.932321
481	0.939473
482	0.943835
483	0.922041
484	0.886023
485	0.847436
486	0.812517
487	0.782397
488	0.773109
489	0.772091
490	0.787427
491	0.812172
492	0.846051
493	0.88768
494	0.92794
495	0.950692
496	0.965733
497	0.969383
498	0.965703
499	0.95832
500	0.954051
501	0.951783
502	0.956997
503	0.965565
504	0.977051
505	0.977096
506	0.974366
507	0.959032
508	0.935063
509	0.901901
510	0.871658
511	0.844024
512	0.822809
513	0.81536
514	0.820576
515	0.839515
516	0.869922
517	0.915262
518	0.96067
519	0.991637
520	1.0
521	0.983561
522	0.911308
523	0.740183
524	0.503959
525	0.305016
526	0.180046
527	0.107383
528	0.065936
529	0.042077
530	0.026621
531	0.01434
532	0.002658
533	0.000818
534	0.0
535	-0.0
536	0.0
537	-0.0
538	-0.0
539	0.0
