# nm 	 srf
1538	0.0
1539	7e-06
1540	7e-06
1541	8e-06
1542	2.8e-05
1543	3.8e-05
1544	9.1e-05
1545	0.000147
1546	0.000251
1547	0.00048
1548	0.00057
1549	0.000662
1550	0.000911
1551	0.001166
1552	0.001684
1553	0.002458
1554	0.003567
1555	0.005345
1556	0.008318
1557	0.012628
1558	0.018996
1559	0.027781
1560	0.039584
1561	0.054865
1562	0.07493
1563	0.10107
1564	0.135476
1565	0.182597
1566	0.247276
1567	0.330736
1568	0.429691
1569	0.537634
1570	0.647173
1571	0.743528
1572	0.815215
1573	0.859202
1574	0.879669
1575	0.88703
1576	0.889098
1577	0.891417
1578	0.897586
1579	0.906631
1580	0.916528
1581	0.926579
1582	0.935322
1583	0.942394
1584	0.947507
1585	0.951416
1586	0.954254
1587	0.956429
1588	0.958205
1589	0.960688
1590	0.96348
1591	0.965797
1592	0.96818
1593	0.971012
1594	0.97338
1595	0.975915
1596	0.978581
1597	0.979878
1598	0.980589
1599	0.980912
1600	0.981412
1601	0.981244
1602	0.980705
1603	0.980377
1604	0.981066
1605	0.982736
1606	0.985122
1607	0.987807
1608	0.990376
1609	0.992016
1610	0.993288
1611	0.992536
1612	0.990405
1613	0.987128
1614	0.983502
1615	0.980023
1616	0.976174
1617	0.972568
1618	0.969828
1619	0.967709
1620	0.966371
1621	0.965849
1622	0.96605
1623	0.967427
1624	0.96987
1625	0.973463
1626	0.978683
1627	0.983472
1628	0.987635
1629	0.991875
1630	0.995476
1631	0.997586
1632	0.998568
1633	0.999328
1634	0.999234
1635	0.998804
1636	0.999111
1637	0.99973
1638	0.999745
1639	1.0
1640	0.999814
1641	0.996693
1642	0.99162
1643	0.985702
1644	0.978569
1645	0.969903
1646	0.960896
1647	0.953287
1648	0.946546
1649	0.941712
1650	0.938586
1651	0.935489
1652	0.928114
1653	0.912102
1654	0.880598
1655	0.82498
1656	0.743118
1657	0.641891
1658	0.534002
1659	0.426963
1660	0.32371
1661	0.234284
1662	0.163972
1663	0.110211
1664	0.072478
1665	0.046194
1666	0.029401
1667	0.019359
1668	0.013308
1669	0.009317
1670	0.006523
1671	0.004864
1672	0.003409
1673	0.002491
1674	0.001958
1675	0.001423
1676	0.001055
1677	0.000498
1678	0.000228
1679	0.000159
1680	3.4e-05
1681	4.5e-05
1682	1.3e-05
1683	0.0
