# nm 	 mW/m2/nm
847	1003.624286
848	1003.085
849	979.004667
850	916.750659
851	974.857222
852	966.97
853	930.779778
854	817.93989
855	888.097
856	969.571444
857	965.675714
858	975.662667
859	971.492
860	977.243333
861	976.18011
862	992.366889
863	1000.900667
864	994.924111
865	959.955556
866	839.759
867	915.351124
868	974.054
869	954.836667
870	970.437111
871	957.828667
872	963.123708
873	965.406
874	940.427889
875	934.787586
876	947.31
877	968.27
878	961.51
879	953.738571
880	954.445
881	910.1475
882	948.44875
