# nm 	 mW/m2/nm
536	1917.212772
537	1845.625294
538	1880.057723
539	1864.941765
540	1805.457129
541	1794.004059
542	1858.095588
543	1846.885545
544	1878.124752
545	1878.476634
546	1882.076238
547	1874.078431
548	1838.217426
549	1884.421782
550	1879.38
551	1861.38
552	1888.67703
553	1850.692871
554	1875.788119
555	1882.640099
556	1852.217525
557	1802.6165
558	1807.680594
559	1744.612277
560	1767.55901
561	1821.7268
562	1786.58802
563	1789.061891
564	1796.04199
565	1793.630099
566	1758.0149
567	1806.883762
568	1796.7328
569	1785.404455
570	1783.8364
571	1738.155149
572	1813.9548
573	1839.358
574	1837.092178
575	1801.425
576	1790.8315
577	1812.116
578	1779.171
579	1777.4555
580	1798.241
581	1799.754
582	1819.8425
583	1825.4135
