# nm 	 mW/m2/nm
1538	279.482609
1539	278.976957
1540	274.525
1541	277.122917
1542	278.84
1543	279.7525
1544	281.38
1545	281.62
1546	281.145
1547	276.665
1548	272.644167
1549	275.440417
1550	273.52875
1551	274.8025
1552	277.42625
1553	274.21
1554	269.81
1555	270.74625
1556	269.55
1557	272.7275
1558	272.475
1559	270.80875
1560	270.935
1561	274.3832
1562	273.191667
1563	270.3925
1564	269.70875
1565	271.5192
1566	267.8125
1567	267.58875
1568	265.7644
1569	265.0252
1570	266.465833
1571	270.046
1572	269.238
1573	267.7772
1574	263.7264
1575	254.688
1576	257.058333
1577	245.5644
1578	254.91125
1579	263.9764
1580	265.6188
1581	265.52
1582	256.8272
1583	257.0608
1584	258.0032
1585	261.6408
1586	260.4104
1587	257.228
1588	251.066
1589	237.622692
1590	241.006154
1591	245.624
1592	255.016
1593	260.34
1594	260.7588
1595	260.542
1596	250.945769
1597	253.240769
1598	260.435769
1599	256.308
1600	255.48
1601	250.951538
1602	252.223462
1603	253.397692
1604	252.910385
1605	251.347692
1606	250.111923
1607	249.077692
1608	252.6532
1609	249.041923
1610	238.669615
1611	242.205385
1612	244.694615
1613	247.42
1614	247.239231
1615	244.906154
1616	237.000769
1617	239.961111
1618	245.992308
1619	245.765
1620	238.543077
1621	237.178148
1622	241.903846
1623	245.856154
1624	246.248519
1625	243.48
1626	244.424815
1627	245.391538
1628	246.47
1629	244.995769
1630	242.164444
1631	242.968889
1632	242.292222
1633	238.947778
1634	237.12
1635	240.355556
1636	237.918148
1637	232.034074
1638	228.17
1639	224.925185
1640	227.61
1641	225.825185
1642	226.485926
1643	229.698889
1644	228.096667
1645	227.772222
1646	230.883333
1647	231.861429
1648	231.318148
1649	228.410741
1650	230.105
1651	228.402857
1652	230.282222
1653	230.251786
1654	230.50037
1655	229.623704
1656	231.037857
1657	231.11
1658	230.704286
1659	228.874444
1660	229.911429
1661	231.347857
1662	230.061481
1663	228.377778
1664	227.715357
1665	226.25
1666	224.896071
1667	224.918571
1668	221.526429
1669	222.696071
1670	225.909643
1671	223.707143
1672	216.938571
1673	218.125714
1674	221.371429
1675	217.897143
1676	215.538621
1677	217.839643
1678	217.524643
1679	214.539286
1680	208.196897
1681	202.038276
1682	205.455862
1683	211.112143
