# nm 	 mW/m2/nm
759	1260.081915
760	1262.42234
761	1248.066596
762	1239.62
763	1253.265426
764	1258.153723
765	1249.576452
766	1197.112128
767	1227.73
768	1240.76766
769	1227.915806
770	1225.647447
771	1224.586129
772	1220.044839
773	1214.809914
774	1203.1097
775	1191.409486
776	1179.709272
777	1168.009058
778	1161.820108
779	1169.841613
780	1160.26
781	1163.672043
782	1170.77828
783	1154.42129
784	1147.294409
785	1156.20672
786	1156.954032
787	1154.665914
788	1151.784194
789	1153.568913
790	1155.575376
791	1143.627419
792	1133.23129
793	1113.801739
794	1102.912935
795	1122.889677
796	1136.47913
797	1133.78
798	1132.324239
799	1124.912581
800	1116.505
801	1122.405652
802	1121.6
803	1118.48
804	1118.621739
805	1102.156989
806	1115.63
807	1109.403478
808	1105.791304
809	1098.267391
810	1097.127826
811	1107.34087
812	1110.468696
813	1113.856087
814	1107.99087
815	1103.698696
816	1100.526813
817	1095.767391
818	1080.573913
819	1065.751429
820	1060.023261
821	1062.137033
822	1061.742065
823	1072.960978
824	1069.937143
825	1066.413913
826	1068.718022
827	1071.827473
828	1063.58913
829	1059.973077
830	1054.448261
831	1050.698791
832	1050.299121
833	1025.549231
834	1019.340769
835	1035.813297
836	1043.926484
837	1041.578696
838	1022.849333
839	1023.735824
840	1038.487692
841	1036.119011
842	1016.770879
843	1001.644286
844	1002.451978
845	1023.267333
846	1026.123626
847	1003.624286
848	1003.085
849	979.004667
850	916.750659
851	974.857222
852	966.97
853	930.779778
854	817.93989
855	888.097
856	969.571444
857	965.675714
858	975.662667
859	971.492
860	977.243333
861	976.18011
862	992.366889
863	1000.900667
864	994.924111
865	959.955556
866	839.759
867	915.351124
868	974.054
869	954.836667
870	970.437111
871	957.828667
872	963.123708
873	965.406
874	940.427889
875	934.787586
876	947.31
877	968.27
878	961.51
879	953.738571
880	954.445
881	910.1475
882	948.44875
883	931.56
884	938.04
885	946.414286
886	914.8075
887	902.36
888	930.9875
889	931.61125
890	932.94
891	929.495
892	919.2775
893	901.2025
894	919.51125
895	896.41
896	925.2375
897	908.465
898	909.7075
899	909.9
900	889.17875
901	869.415
902	850.6
903	891.927778
904	905.34
905	904.5175
906	882.5
907	886.61125
908	879.074444
909	865.3975
