# nm 	 mW/m2/nm
645	1589.418367
646	1582.462474
647	1588.835816
648	1594.361429
649	1555.790816
650	1570.381031
651	1600.78449
652	1587.161633
653	1570.008866
654	1554.204286
655	1511.678144
656	1318.079184
657	1395.006598
658	1511.844694
659	1524.950206
660	1539.885464
661	1545.638571
662	1557.541856
663	1530.981856
664	1520.99449
665	1535.770825
666	1527.590825
667	1517.73
668	1518.752371
669	1528.609691
670	1516.04
671	1511.479588
672	1502.752784
673	1497.434021
674	1490.964433
675	1487.16375
676	1486.275567
677	1485.014536
678	1481.649175
679	1478.451875
680	1476.743814
681	1474.889588
682	1471.601875
683	1464.849278
684	1453.726667
685	1447.716082
