# nm 	 mW/m2/nm
439	1694.693143
440	1824.853333
441	1848.832308
442	1953.447692
443	1954.065333
444	1958.162885
445	1945.827048
446	1875.383077
447	1966.405714
448	2019.081058
449	2026.963333
450	2091.2925
451	2137.5
452	2081.935192
453	2002.609429
454	2017.055769
455	2067.894231
456	2094.513269
457	2125.689904
458	2095.78625
459	2048.212788
460	2054.866635
461	2090.505096
462	2112.887308
463	2116.53625
464	2065.699423
465	2020.209038
466	2053.134519
467	1981.586442
468	2027.761068
469	2039.426923
470	1985.709615
471	1991.433077
472	2081.839515
473	2058.258077
474	2082.506117
475	2100.243846
476	2069.142427
477	2089.465
478	2109.039029
479	2104.433846
480	2094.617087
481	2093.894272
482	2088.985385
483	2062.378155
484	2032.963107
485	1937.352816
486	1772.775192
487	1772.815534
488	1916.055922
489	1952.196699
490	2026.040388
491	2004.537476
492	1921.940583
493	1960.568544
494	1973.621942
495	2033.885196
496	1981.973398
497	2007.279223
498	1946.240388
499	1936.585437
500	1933.927184
501	1863.672647
502	1865.583592
503	1938.41549
504	1904.498835
505	1957.79
506	2013.982157
507	2000.117013
508	1967.818312
509	1935.51961
510	1898.667255
511	1916.91
512	1919.494951
513	1880.510294
514	1841.112549
515	1849.837255
516	1791.269612
517	1672.605882
518	1651.386667
519	1738.886667
520	1812.978824
521	1842.942745
522	1840.998039
523	1830.592941
524	1874.622353
525	1896.266078
526	1809.238235
527	1716.969307
528	1809.561176
529	1887.691471
530	1892.088235
531	1914.176634
532	1900.78451
533	1872.186471
534	1853.447921
535	1880.527647
536	1917.212772
537	1845.625294
538	1880.057723
539	1864.941765
